GaussianNB: 0.7420801907695795
MultinomialNB: 0.7896584384385469
BernoulliNB: 0.7146997642117346
